61009032 input/wise_allwise_i3as_mep_1053_03.tsv
