44980516 input/wise_allwise_i3as_mep_1030_10.tsv
